0 0.021 0.8835 0.025 0.025
0 0.5885 0.9955 0.025 0.025
0 0.547 0.9885 0.025 0.025
0 0.019 0.8885 0.025 0.025
0 0.0915 0.9305 0.025 0.025
0 0.174 0.9565 0.025 0.025
0 0.1525 0.9515 0.025 0.025
0 0.583 0.985 0.025 0.025
0 0.0235 0.882 0.025 0.025
0 0.5535 0.9705 0.025 0.025
0 0.017 0.888 0.025 0.025
0 0.0215 0.883 0.025 0.025
0 0.019 0.892 0.025 0.025
0 0.5835 0.998 0.025 0.025
0 0.4895 0.9465 0.025 0.025
0 0.01 0.9655 0.025 0.025
0 0.185 0.936 0.025 0.025
0 0.588 0.996 0.025 0.025
0 0.579 0.9885 0.025 0.025
0 0.1715 0.953 0.025 0.025
0 0.174 0.9375 0.025 0.025
0 0.1545 0.9585 0.025 0.025
0 0.5795 0.9845 0.025 0.025
0 0.5855 0.9865 0.025 0.025
0 0.132 0.9395 0.025 0.025
0 0.48 0.9675 0.025 0.025
0 0.567 0.99 0.025 0.025
0 0.184 0.937 0.025 0.025
0 0.021 0.8835 0.025 0.025
0 0.5805 0.999 0.025 0.025
0 0.173 0.9575 0.025 0.025
0 0.5195 0.9095 0.025 0.025
0 0.156 0.9525 0.025 0.025
0 0.1825 0.9355 0.025 0.025
0 0.5915 0.989 0.025 0.025
0 0.581 0.993 0.025 0.025
0 0.16 0.9635 0.025 0.025
0 0.577 0.996 0.025 0.025
0 0.023 0.887 0.025 0.025
