0 0.38 0.6475 0.025 0.025
0 0.266 0.5725 0.025 0.025
0 0.2605 0.8155 0.025 0.025
0 0.174 0.532 0.025 0.025
0 0.3385 0.6335 0.025 0.025
0 0.187 0.547 0.025 0.025
0 0.052 0.9825 0.025 0.025
0 0.0725 0.4325 0.025 0.025
0 0.056 0.448 0.025 0.025
0 0.077 0.4295 0.025 0.025
0 0.354 0.564 0.025 0.025
0 0.339 0.643 0.025 0.025
0 0.054 0.4495 0.025 0.025
0 0.006 0.445 0.025 0.025
0 0.0525 0.4505 0.025 0.025
0 0.053 0.452 0.025 0.025
0 0.1595 0.538 0.025 0.025
0 0.076 0.9135 0.025 0.025
0 0.2905 0.5905 0.025 0.025
0 0.2265 0.5505 0.025 0.025
0 0.2695 0.578 0.025 0.025
0 0.074 0.4365 0.025 0.025
0 0.056 0.4355 0.025 0.025
0 0.051 0.449 0.025 0.025
0 0.2625 0.5785 0.025 0.025
0 0.3375 0.587 0.025 0.025
0 0.069 0.4255 0.025 0.025
0 0.3745 0.6505 0.025 0.025
0 0.07 0.4375 0.025 0.025
0 0.038 0.7845 0.025 0.025
0 0.0325 0.4295 0.025 0.025
0 0.3435 0.573 0.025 0.025
0 0.0015 0.845 0.025 0.025
0 0.3735 0.6495 0.025 0.025
0 0.0665 0.4335 0.025 0.025
0 0.2635 0.5715 0.025 0.025
0 0.283 0.5625 0.025 0.025
0 0.6295 0.546 0.025 0.025
0 0.326 0.5735 0.025 0.025
0 0.268 0.571 0.025 0.025
0 0.066 0.4395 0.025 0.025
0 0.2635 0.577 0.025 0.025
0 0.2835 0.5615 0.025 0.025
0 0.0675 0.432 0.025 0.025
0 0.386 0.6535 0.025 0.025
0 0.1575 0.5395 0.025 0.025
0 0.0095 0.734 0.025 0.025
0 0.037 0.3725 0.025 0.025
0 0.0735 0.4365 0.025 0.025
0 0.273 0.574 0.025 0.025
0 0.0045 0.35 0.025 0.025
0 0.2715 0.5695 0.025 0.025
0 0.065 0.425 0.025 0.025
0 0.367 0.6145 0.025 0.025
0 0.0555 0.44 0.025 0.025
0 0.0785 0.438 0.025 0.025
0 0.267 0.578 0.025 0.025
0 0.334 0.5865 0.025 0.025
