0 0.019 0.492 0.025 0.025
0 0.8025 0.909 0.025 0.025
0 0.9835 0.9425 0.025 0.025
0 0.975 0.9075 0.025 0.025
0 0.7345 0.9755 0.025 0.025
0 0.7135 0.991 0.025 0.025
0 0.8675 0.9915 0.025 0.025
0 0.6665 0.937 0.025 0.025
0 0.7535 0.916 0.025 0.025
0 0.979 0.882 0.025 0.025
0 0.723 0.9325 0.025 0.025
0 0.881 0.906 0.025 0.025
0 0.9505 0.8905 0.025 0.025
0 0.779 0.917 0.025 0.025
0 0.6805 0.9135 0.025 0.025
0 0.9915 0.8935 0.025 0.025
0 0.993 0.907 0.025 0.025
0 0.68 0.944 0.025 0.025
0 0.701 0.981 0.025 0.025
0 0.6745 0.9895 0.025 0.025
0 0.6875 0.9245 0.025 0.025
0 0.9185 0.9765 0.025 0.025
0 0.6795 0.9105 0.025 0.025
0 0.9865 0.9675 0.025 0.025
0 0.743 0.9735 0.025 0.025
0 0.0225 0.4925 0.025 0.025
0 0.755 0.9615 0.025 0.025
0 0.8915 0.9845 0.025 0.025
0 0.661 0.952 0.025 0.025
0 0.6685 0.979 0.025 0.025
0 0.79 0.9085 0.025 0.025
0 0.906 0.9005 0.025 0.025
0 0.973 0.878 0.025 0.025
0 0.7725 0.9475 0.025 0.025
0 0.0225 0.492 0.025 0.025
