0 0.0635 0.0365 0.025 0.025
0 0.3045 0.5765 0.025 0.025
0 0.0015 0.0185 0.025 0.025
0 0.4575 0.4985 0.025 0.025
0 0.5715 0.0045 0.025 0.025
0 0.229 0.137 0.025 0.025
0 0.3355 0.0895 0.025 0.025
0 0.795 0.143 0.025 0.025
0 0.328 0.09 0.025 0.025
0 0.2435 0.1165 0.025 0.025
0 0.0015 0.0165 0.025 0.025
0 0.851 0.151 0.025 0.025
0 0.566 0.0095 0.025 0.025
0 0.763 0.316 0.025 0.025
0 0.72 0.107 0.025 0.025
0 0.338 0.451 0.025 0.025
0 0.805 0.15 0.025 0.025
0 0.828 0.448 0.025 0.025
0 0.5705 0.0075 0.025 0.025
0 0.151 0.0765 0.025 0.025
0 0.7755 0.1405 0.025 0.025
0 0.162 0.0025 0.025 0.025
0 0.532 0.288 0.025 0.025
0 0.365 0.2955 0.025 0.025
0 0.074 0.1225 0.025 0.025
0 0.8675 0.1345 0.025 0.025
0 0.5045 0.9525 0.025 0.025
0 0.5685 0.0085 0.025 0.025
0 0.099 0.0985 0.025 0.025
0 0.486 0.543 0.025 0.025
0 0.19 0.2935 0.025 0.025
0 0.2235 0.3675 0.025 0.025
0 0.34 0.122 0.025 0.025
0 0.5665 0.342 0.025 0.025
0 0.0195 0.0505 0.025 0.025
0 0.0015 0.019 0.025 0.025
0 0.3585 0.0335 0.025 0.025
0 0.567 0.01 0.025 0.025
0 0.819 0.1545 0.025 0.025
0 0.0865 0.3155 0.025 0.025
0 0.6985 0.1065 0.025 0.025
0 0.289 0.1175 0.025 0.025
0 0.4595 0.6075 0.025 0.025
0 0.869 0.1235 0.025 0.025
0 0.41 0.552 0.025 0.025
0 0.0395 0.005 0.025 0.025
0 0.0685 0.2555 0.025 0.025
0 0.3915 0.1215 0.025 0.025
0 0.4055 0.0885 0.025 0.025
0 0.399 0.2015 0.025 0.025
0 0.033 0.409 0.025 0.025
0 0.4805 0.3415 0.025 0.025
0 0.1175 0.2145 0.025 0.025
0 0.083 0.0395 0.025 0.025
0 0.784 0.1375 0.025 0.025
0 0.5275 0.4045 0.025 0.025
0 0.853 0.193 0.025 0.025
0 0.404 0.342 0.025 0.025
0 0.9925 0.8385 0.025 0.025
0 0.877 0.1985 0.025 0.025
0 0.568 0.0105 0.025 0.025
0 0.778 0.1365 0.025 0.025
0 0.858 0.133 0.025 0.025
0 0.873 0.1255 0.025 0.025
0 0.7765 0.138 0.025 0.025
0 0.4815 0.244 0.025 0.025
0 0.35 0.1975 0.025 0.025
0 0.1035 0.0545 0.025 0.025
0 0.778 0.131 0.025 0.025
0 0.435 0.2985 0.025 0.025
0 0.0385 0.1355 0.025 0.025
0 0.5655 0.008 0.025 0.025
0 0.5995 0.404 0.025 0.025
0 0.8535 0.2025 0.025 0.025
0 0.3715 0.41 0.025 0.025
0 0.986 0.7655 0.025 0.025
0 0.332 0.258 0.025 0.025
0 0.456 0.387 0.025 0.025
0 0.851 0.1875 0.025 0.025
0 0.791 0.1325 0.025 0.025
0 0.1225 0.039 0.025 0.025
0 0.0825 0.365 0.025 0.025
0 0.8095 0.6765 0.025 0.025
0 0.889 0.21 0.025 0.025
0 0.8815 0.174 0.025 0.025
0 0.601 0.4685 0.025 0.025
0 0.8115 0.1605 0.025 0.025
0 0.852 0.1465 0.025 0.025
