0 0.658 0.167 0.025 0.025
0 0.6515 0.161 0.025 0.025
0 0.6935 0.0865 0.025 0.025
0 0.6535 0.0595 0.025 0.025
0 0.703 0.1425 0.025 0.025
0 0.673 0.1625 0.025 0.025
0 0.6485 0.1825 0.025 0.025
0 0.9945 0.268 0.025 0.025
0 0.7315 0.104 0.025 0.025
0 0.6385 0.148 0.025 0.025
0 0.6445 0.1495 0.025 0.025
0 0.6545 0.179 0.025 0.025
0 0.9785 0.088 0.025 0.025
0 0.649 0.184 0.025 0.025
0 0.6535 0.1665 0.025 0.025
0 0.687 0.028 0.025 0.025
0 0.646 0.1755 0.025 0.025
0 0.643 0.1685 0.025 0.025
0 0.6315 0.147 0.025 0.025
0 0.998 0.0485 0.025 0.025
0 0.635 0.1465 0.025 0.025
0 0.6795 0.0415 0.025 0.025
0 0.7335 0.1145 0.025 0.025
0 0.7025 0.139 0.025 0.025
0 0.64 0.151 0.025 0.025
0 0.6375 0.1615 0.025 0.025
0 0.3455 0.3525 0.025 0.025
0 0.669 0.1165 0.025 0.025
0 0.369 0.36 0.025 0.025
0 0.768 0.104 0.025 0.025
0 0.991 0.009 0.025 0.025
0 0.6405 0.1515 0.025 0.025
0 0.654 0.058 0.025 0.025
0 0.692 0.1625 0.025 0.025
0 0.837 0.098 0.025 0.025
0 0.627 0.159 0.025 0.025
0 0.6705 0.1175 0.025 0.025
0 0.6365 0.1505 0.025 0.025
0 0.653 0.1065 0.025 0.025
0 0.6505 0.171 0.025 0.025
0 0.643 0.17 0.025 0.025
0 0.995 0.1425 0.025 0.025
0 0.6615 0.1725 0.025 0.025
0 0.7825 0.114 0.025 0.025
0 0.7935 0.096 0.025 0.025
0 0.7555 0.1365 0.025 0.025
0 0.937 0.037 0.025 0.025
0 0.641 0.1625 0.025 0.025
0 0.703 0.0795 0.025 0.025
0 0.6535 0.1645 0.025 0.025
0 0.6455 0.149 0.025 0.025
0 0.638 0.189 0.025 0.025
0 0.6465 0.1765 0.025 0.025
0 0.958 0.074 0.025 0.025
0 0.677 0.0105 0.025 0.025
0 0.665 0.177 0.025 0.025
0 0.645 0.1715 0.025 0.025
0 0.632 0.174 0.025 0.025
0 0.8155 0.1045 0.025 0.025
0 0.657 0.174 0.025 0.025
0 0.649 0.1565 0.025 0.025
0 0.7045 0.1455 0.025 0.025
0 0.647 0.161 0.025 0.025
0 0.6465 0.1505 0.025 0.025
0 0.639 0.149 0.025 0.025
0 0.6925 0.084 0.025 0.025
0 0.8075 0.0925 0.025 0.025
0 0.658 0.1095 0.025 0.025
0 0.7125 0.07 0.025 0.025
0 0.9915 0.3355 0.025 0.025
0 0.632 0.1735 0.025 0.025
0 0.721 0.0695 0.025 0.025
0 0.652 0.1745 0.025 0.025
0 0.6625 0.095 0.025 0.025
0 0.634 0.1455 0.025 0.025
