0 0.664 0.397 0.025 0.025
0 0.1735 0.3645 0.025 0.025
0 0.4775 0.394 0.025 0.025
0 0.1265 0.603 0.025 0.025
0 0.5145 0.2965 0.025 0.025
0 0.144 0.5315 0.025 0.025
0 0.5735 0.7545 0.025 0.025
0 0.8505 0.747 0.025 0.025
0 0.136 0.628 0.025 0.025
0 0.3255 0.365 0.025 0.025
0 0.4815 0.462 0.025 0.025
0 0.4765 0.347 0.025 0.025
0 0.172 0.47 0.025 0.025
0 0.614 0.422 0.025 0.025
0 0.126 0.5865 0.025 0.025
0 0.23 0.5625 0.025 0.025
0 0.9225 0.733 0.025 0.025
0 0.209 0.373 0.025 0.025
0 0.165 0.4815 0.025 0.025
0 0.549 0.477 0.025 0.025
0 0.4835 0.473 0.025 0.025
0 0.687 0.7405 0.025 0.025
0 0.19 0.576 0.025 0.025
0 0.3495 0.433 0.025 0.025
0 0.825 0.691 0.025 0.025
0 0.1525 0.64 0.025 0.025
0 0.4885 0.4405 0.025 0.025
0 0.487 0.459 0.025 0.025
0 0.8865 0.641 0.025 0.025
0 0.5015 0.326 0.025 0.025
0 0.5375 0.4485 0.025 0.025
0 0.67 0.3775 0.025 0.025
0 0.1285 0.609 0.025 0.025
0 0.235 0.557 0.025 0.025
0 0.254 0.545 0.025 0.025
0 0.4855 0.715 0.025 0.025
0 0.509 0.322 0.025 0.025
0 0.126 0.592 0.025 0.025
0 0.139 0.5005 0.025 0.025
0 0.48 0.346 0.025 0.025
0 0.24 0.374 0.025 0.025
0 0.4785 0.3475 0.025 0.025
0 0.468 0.3775 0.025 0.025
0 0.477 0.315 0.025 0.025
0 0.8925 0.527 0.025 0.025
0 0.1305 0.5905 0.025 0.025
0 0.487 0.4575 0.025 0.025
0 0.2575 0.3885 0.025 0.025
0 0.6055 0.3765 0.025 0.025
0 0.154 0.4195 0.025 0.025
0 0.993 0.5805 0.025 0.025
0 0.4605 0.348 0.025 0.025
0 0.6685 0.5855 0.025 0.025
0 0.2395 0.402 0.025 0.025
0 0.139 0.498 0.025 0.025
0 0.1665 0.436 0.025 0.025
0 0.6175 0.581 0.025 0.025
0 0.265 0.3575 0.025 0.025
0 0.4815 0.469 0.025 0.025
0 0.1125 0.6 0.025 0.025
0 0.117 0.588 0.025 0.025
0 0.6685 0.376 0.025 0.025
0 0.852 0.946 0.025 0.025
0 0.511 0.324 0.025 0.025
0 0.602 0.376 0.025 0.025
0 0.4965 0.7775 0.025 0.025
0 0.5035 0.3295 0.025 0.025
0 0.197 0.5375 0.025 0.025
0 0.6135 0.517 0.025 0.025
0 0.638 0.392 0.025 0.025
0 0.502 0.33 0.025 0.025
0 0.829 0.563 0.025 0.025
0 0.265 0.556 0.025 0.025
0 0.195 0.532 0.025 0.025
0 0.177 0.602 0.025 0.025
0 0.1865 0.521 0.025 0.025
0 0.6555 0.8025 0.025 0.025
0 0.6365 0.518 0.025 0.025
0 0.1865 0.576 0.025 0.025
0 0.6175 0.38 0.025 0.025
0 0.1515 0.4825 0.025 0.025
0 0.495 0.382 0.025 0.025
0 0.835 0.836 0.025 0.025
0 0.6575 0.393 0.025 0.025
0 0.178 0.5245 0.025 0.025
0 0.1925 0.5295 0.025 0.025
0 0.1545 0.5575 0.025 0.025
0 0.14 0.5 0.025 0.025
0 0.179 0.527 0.025 0.025
0 0.5795 0.374 0.025 0.025
0 0.1525 0.557 0.025 0.025
0 0.8685 0.559 0.025 0.025
0 0.1205 0.587 0.025 0.025
0 0.6455 0.404 0.025 0.025
0 0.2925 0.548 0.025 0.025
0 0.3075 0.37 0.025 0.025
0 0.1315 0.616 0.025 0.025
0 0.136 0.606 0.025 0.025
0 0.112 0.595 0.025 0.025
0 0.4715 0.3115 0.025 0.025
0 0.472 0.3825 0.025 0.025
0 0.5045 0.3295 0.025 0.025
0 0.153 0.5585 0.025 0.025
0 0.5045 0.3325 0.025 0.025
0 0.124 0.5885 0.025 0.025
0 0.805 0.8925 0.025 0.025
0 0.156 0.48 0.025 0.025
0 0.5895 0.4955 0.025 0.025
0 0.5115 0.864 0.025 0.025
0 0.122 0.599 0.025 0.025
0 0.617 0.38 0.025 0.025
0 0.5085 0.3275 0.025 0.025
0 0.4135 0.3355 0.025 0.025
0 0.1505 0.6175 0.025 0.025
0 0.781 0.5645 0.025 0.025
0 0.51 0.324 0.025 0.025
0 0.3865 0.342 0.025 0.025
0 0.1585 0.603 0.025 0.025
0 0.4885 0.3065 0.025 0.025
0 0.997 0.91 0.025 0.025
0 0.6705 0.3765 0.025 0.025
0 0.606 0.653 0.025 0.025
0 0.131 0.5895 0.025 0.025
0 0.271 0.54 0.025 0.025
0 0.301 0.5315 0.025 0.025
0 0.377 0.425 0.025 0.025
0 0.8925 0.898 0.025 0.025
0 0.406 0.417 0.025 0.025
0 0.139 0.605 0.025 0.025
0 0.202 0.509 0.025 0.025
0 0.1235 0.6295 0.025 0.025
0 0.1385 0.547 0.025 0.025
0 0.162 0.4095 0.025 0.025
0 0.1875 0.6175 0.025 0.025
0 0.9655 0.408 0.025 0.025
0 0.2835 0.3785 0.025 0.025
0 0.189 0.583 0.025 0.025
0 0.132 0.617 0.025 0.025
0 0.908 0.843 0.025 0.025
0 0.134 0.623 0.025 0.025
0 0.642 0.3935 0.025 0.025
0 0.494 0.401 0.025 0.025
0 0.5685 0.479 0.025 0.025
0 0.146 0.3925 0.025 0.025
0 0.637 0.399 0.025 0.025
0 0.4875 0.46 0.025 0.025
0 0.123 0.602 0.025 0.025
0 0.2355 0.548 0.025 0.025
0 0.3055 0.318 0.025 0.025
0 0.6475 0.4435 0.025 0.025
0 0.507 0.3065 0.025 0.025
0 0.142 0.6145 0.025 0.025
0 0.507 0.3235 0.025 0.025
0 0.5515 0.692 0.025 0.025
0 0.1385 0.616 0.025 0.025
0 0.315 0.5415 0.025 0.025
0 0.502 0.33 0.025 0.025
0 0.141 0.6 0.025 0.025
0 0.5675 0.805 0.025 0.025
0 0.152 0.5855 0.025 0.025
0 0.4775 0.3345 0.025 0.025
0 0.147 0.613 0.025 0.025
0 0.2065 0.51 0.025 0.025
0 0.127 0.605 0.025 0.025
0 0.8965 0.795 0.025 0.025
0 0.139 0.607 0.025 0.025
0 0.1495 0.5375 0.025 0.025
0 0.5975 0.4795 0.025 0.025
0 0.9595 0.7955 0.025 0.025
0 0.525 0.446 0.025 0.025
0 0.12 0.613 0.025 0.025
0 0.242 0.572 0.025 0.025
0 0.659 0.398 0.025 0.025
0 0.1175 0.614 0.025 0.025
0 0.9755 0.3875 0.025 0.025
0 0.7995 0.5235 0.025 0.025
0 0.1655 0.3845 0.025 0.025
0 0.1345 0.597 0.025 0.025
0 0.9725 0.6865 0.025 0.025
0 0.2075 0.512 0.025 0.025
0 0.108 0.589 0.025 0.025
0 0.134 0.6045 0.025 0.025
0 0.136 0.6115 0.025 0.025
0 0.1415 0.5535 0.025 0.025
0 0.1195 0.5855 0.025 0.025
0 0.142 0.5065 0.025 0.025
0 0.6265 0.3815 0.025 0.025
