0 0.2085 0.7475 0.025 0.025
0 0.815 0.674 0.025 0.025
0 0.183 0.731 0.025 0.025
0 0.207 0.7435 0.025 0.025
0 0.2155 0.773 0.025 0.025
0 0.2035 0.751 0.025 0.025
0 0.1915 0.73 0.025 0.025
0 0.6745 0.5165 0.025 0.025
0 0.5835 0.4695 0.025 0.025
0 0.9585 0.781 0.025 0.025
0 0.4485 0.5675 0.025 0.025
0 0.504 0.698 0.025 0.025
0 0.6745 0.6215 0.025 0.025
0 0.2205 0.5355 0.025 0.025
0 0.1995 0.727 0.025 0.025
0 0.583 0.4655 0.025 0.025
0 0.3395 0.4995 0.025 0.025
0 0.2535 0.669 0.025 0.025
0 0.1985 0.7305 0.025 0.025
0 0.2545 0.599 0.025 0.025
0 0.579 0.4715 0.025 0.025
0 0.2375 0.626 0.025 0.025
0 0.5305 0.722 0.025 0.025
0 0.3155 0.543 0.025 0.025
0 0.2835 0.515 0.025 0.025
0 0.7455 0.5185 0.025 0.025
0 0.218 0.6925 0.025 0.025
0 0.57 0.5245 0.025 0.025
0 0.214 0.749 0.025 0.025
0 0.5515 0.5345 0.025 0.025
0 0.5845 0.466 0.025 0.025
0 0.533 0.46 0.025 0.025
0 0.195 0.729 0.025 0.025
0 0.5445 0.522 0.025 0.025
0 0.197 0.7335 0.025 0.025
0 0.7345 0.5205 0.025 0.025
0 0.2515 0.744 0.025 0.025
0 0.2625 0.7225 0.025 0.025
0 0.2365 0.522 0.025 0.025
0 0.5535 0.489 0.025 0.025
0 0.5 0.7325 0.025 0.025
0 0.2175 0.505 0.025 0.025
0 0.5615 0.5995 0.025 0.025
0 0.2205 0.698 0.025 0.025
0 0.205 0.7325 0.025 0.025
0 0.365 0.69 0.025 0.025
0 0.732 0.5355 0.025 0.025
0 0.214 0.64 0.025 0.025
0 0.5865 0.6895 0.025 0.025
0 0.692 0.522 0.025 0.025
0 0.2105 0.7535 0.025 0.025
0 0.3045 0.5395 0.025 0.025
0 0.5655 0.646 0.025 0.025
0 0.5845 0.4645 0.025 0.025
0 0.6235 0.6195 0.025 0.025
0 0.689 0.659 0.025 0.025
0 0.5355 0.49 0.025 0.025
0 0.2135 0.747 0.025 0.025
0 0.444 0.488 0.025 0.025
0 0.5005 0.619 0.025 0.025
0 0.743 0.518 0.025 0.025
0 0.2145 0.762 0.025 0.025
0 0.5995 0.5885 0.025 0.025
0 0.484 0.6695 0.025 0.025
0 0.6635 0.637 0.025 0.025
0 0.3175 0.715 0.025 0.025
0 0.3465 0.682 0.025 0.025
0 0.584 0.912 0.025 0.025
0 0.6395 0.7015 0.025 0.025
0 0.711 0.659 0.025 0.025
0 0.4625 0.483 0.025 0.025
0 0.2125 0.757 0.025 0.025
0 0.512 0.4715 0.025 0.025
0 0.6115 0.5905 0.025 0.025
0 0.253 0.6665 0.025 0.025
0 0.195 0.7295 0.025 0.025
0 0.9005 0.833 0.025 0.025
0 0.692 0.522 0.025 0.025
0 0.7165 0.535 0.025 0.025
0 0.217 0.757 0.025 0.025
0 0.579 0.4745 0.025 0.025
0 0.213 0.758 0.025 0.025
0 0.7445 0.52 0.025 0.025
0 0.2185 0.6965 0.025 0.025
0 0.349 0.493 0.025 0.025
0 0.961 0.8305 0.025 0.025
0 0.233 0.745 0.025 0.025
0 0.9655 0.9325 0.025 0.025
0 0.67 0.711 0.025 0.025
0 0.572 0.5475 0.025 0.025
0 0.6205 0.841 0.025 0.025
0 0.4975 0.6195 0.025 0.025
0 0.241 0.494 0.025 0.025
0 0.722 0.5855 0.025 0.025
0 0.7145 0.5415 0.025 0.025
0 0.2675 0.676 0.025 0.025
0 0.3315 0.686 0.025 0.025
0 0.7335 0.54 0.025 0.025
0 0.192 0.7565 0.025 0.025
0 0.363 0.4915 0.025 0.025
0 0.2015 0.745 0.025 0.025
0 0.5465 0.55 0.025 0.025
0 0.1925 0.757 0.025 0.025
0 0.225 0.7595 0.025 0.025
0 0.2065 0.733 0.025 0.025
0 0.195 0.7555 0.025 0.025
0 0.194 0.7275 0.025 0.025
0 0.737 0.538 0.025 0.025
0 0.1975 0.744 0.025 0.025
0 0.2405 0.5265 0.025 0.025
0 0.36 0.52 0.025 0.025
0 0.2615 0.663 0.025 0.025
0 0.6775 0.7995 0.025 0.025
0 0.3765 0.673 0.025 0.025
0 0.1985 0.7715 0.025 0.025
0 0.5845 0.9705 0.025 0.025
0 0.2355 0.571 0.025 0.025
0 0.562 0.6015 0.025 0.025
0 0.2785 0.6505 0.025 0.025
0 0.9225 0.8835 0.025 0.025
0 0.187 0.742 0.025 0.025
0 0.6435 0.886 0.025 0.025
0 0.332 0.508 0.025 0.025
0 0.719 0.5405 0.025 0.025
0 0.308 0.6925 0.025 0.025
0 0.734 0.539 0.025 0.025
0 0.1955 0.734 0.025 0.025
0 0.222 0.755 0.025 0.025
0 0.9765 0.666 0.025 0.025
0 0.2055 0.7315 0.025 0.025
0 0.207 0.759 0.025 0.025
0 0.209 0.7655 0.025 0.025
0 0.209 0.7395 0.025 0.025
0 0.038 0.2895 0.025 0.025
0 0.7165 0.542 0.025 0.025
0 0.2945 0.5645 0.025 0.025
0 0.7235 0.5425 0.025 0.025
0 0.212 0.7435 0.025 0.025
0 0.2235 0.6795 0.025 0.025
0 0.5385 0.6795 0.025 0.025
0 0.2225 0.6775 0.025 0.025
0 0.7205 0.546 0.025 0.025
0 0.582 0.4655 0.025 0.025
0 0.39 0.784 0.025 0.025
0 0.2385 0.515 0.025 0.025
0 0.2765 0.432 0.025 0.025
0 0.5595 0.599 0.025 0.025
0 0.463 0.484 0.025 0.025
0 0.455 0.5055 0.025 0.025
0 0.5975 0.2075 0.025 0.025
0 0.9795 0.6285 0.025 0.025
0 0.264 0.7165 0.025 0.025
0 0.5585 0.545 0.025 0.025
0 0.637 0.644 0.025 0.025
0 0.219 0.5985 0.025 0.025
0 0.5595 0.603 0.025 0.025
0 0.9815 0.6245 0.025 0.025
0 0.5715 0.8475 0.025 0.025
0 0.231 0.7025 0.025 0.025
0 0.5785 0.4675 0.025 0.025
0 0.7765 0.5785 0.025 0.025
0 0.671 0.634 0.025 0.025
0 0.5395 0.6055 0.025 0.025
0 0.7125 0.5345 0.025 0.025
0 0.2365 0.5955 0.025 0.025
0 0.946 0.9875 0.025 0.025
0 0.581 0.466 0.025 0.025
0 0.8725 0.666 0.025 0.025
0 0.477 0.5595 0.025 0.025
0 0.209 0.7665 0.025 0.025
0 0.4215 0.5755 0.025 0.025
0 0.489 0.4775 0.025 0.025
0 0.547 0.525 0.025 0.025
0 0.6035 0.834 0.025 0.025
0 0.643 0.624 0.025 0.025
0 0.206 0.757 0.025 0.025
